9999
  70
   33.003334 -117.281944
   33.044998 -117.297775
   33.094723 -117.315834
   33.141670 -117.340279
   33.183891 -117.370003
   33.226391 -117.398888
   33.266109 -117.433052
   33.306667 -117.465271
   33.345276 -117.499718
   33.375000 -117.547501
   33.406670 -117.593056
   33.442780 -117.631943
   33.472500 -117.678886
   33.497223 -117.734444
   33.535831 -117.770561
   33.565277 -117.817780
   33.595554 -117.863884
   33.615276 -117.925827
   33.645557 -117.973610
   33.680836 -118.013611
   33.715557 -118.055557
   33.750000 -118.096390
   33.770000 -118.156944
   33.778610 -118.208611
   33.770554 -118.260002
   33.720833 -118.273338
   33.729721 -118.332222
   33.741669 -118.384445
   33.778610 -118.421112
   33.821110 -118.389442
   33.872498 -118.399162
   33.921391 -118.421661
   33.963612 -118.451385
   34.002499 -118.486382
   34.041943 -118.521393
   34.049999 -118.579163
   34.049442 -118.654999
   34.042221 -118.725555
   34.028610 -118.788330
   34.027500 -118.831665
   34.046112 -118.896942
   34.062222 -118.961388
   34.082500 -119.023338
   34.108608 -119.076111
   34.118332 -119.132225
   34.116386 -119.134163
   34.144726 -119.184448
   34.176945 -119.227226
   34.221390 -119.254723
   34.264446 -119.267502
   34.285831 -119.318329
   34.318054 -119.361946
   34.350277 -119.406387
   34.378056 -119.458054
   34.397503 -119.521118
   34.420555 -119.577225
   34.423336 -119.654724
   34.395557 -119.703606
   34.415279 -119.760834
   34.420834 -119.823891
   34.422222 -119.884163
   34.441669 -119.943054
   34.466667 -119.996666
   34.465000 -120.070557
   34.478611 -120.138329
   34.473610 -120.213051
   34.473335 -120.291946
   34.465279 -120.362778
   34.455833 -120.431938
   34.453613 -120.446945
  64
   34.453613 -120.446945
   34.493610 -120.473053
   34.535000 -120.504166
   34.562222 -120.556389
   34.567223 -120.616386
   34.623608 -120.628334
   34.671669 -120.601944
   34.726112 -120.597221
   34.771389 -120.621391
   34.826664 -120.602501
   34.876110 -120.613052
   34.913055 -120.652222
   34.964169 -120.637497
   35.015835 -120.614441
   35.076111 -120.601662
   35.131111 -120.611946
   35.158890 -120.661949
   35.182503 -120.718056
   35.176666 -120.762222
   35.203056 -120.813889
   35.234165 -120.860558
   35.291389 -120.864998
   35.343887 -120.844444
   35.326389 -120.831665
   35.360832 -120.821388
   35.408611 -120.845833
   35.446114 -120.882782
   35.460556 -120.949165
   35.484444 -121.005554
   35.521111 -121.044167
   35.564445 -121.073334
   35.606941 -121.104446
   35.644169 -121.143333
   35.650280 -121.198891
   35.668613 -121.262779
   35.720280 -121.281395
   35.769722 -121.298607
   35.805000 -121.337784
   35.841667 -121.377777
   35.875553 -121.420273
   35.924725 -121.441948
   35.976944 -121.459999
   36.016109 -121.497215
   36.035000 -121.558891
   36.080833 -121.585838
   36.125275 -121.615555
   36.166946 -121.647774
   36.198055 -121.693336
   36.224167 -121.746941
   36.248055 -121.804169
   36.290554 -121.834999
   36.328609 -121.866943
   36.379444 -121.875000
   36.433891 -121.884720
   36.482224 -121.908615
   36.532776 -121.917778
   36.567497 -121.910278
   36.602776 -121.940559
   36.642780 -121.904449
   36.613052 -121.854996
   36.645836 -121.810562
   36.702499 -121.794441
   36.736946 -121.763611
   36.730556 -121.744995
 138
   36.730556 -121.744995
   36.754444 -121.772507
   36.812500 -121.763885
   36.853333 -121.786110
   36.898891 -121.813614
   36.942780 -121.844727
   36.976391 -121.887222
   36.963612 -121.945557
   36.962502 -122.003609
   36.961113 -122.067780
   36.985832 -122.124725
   37.014168 -122.175278
   37.051666 -122.213882
   37.090832 -122.250557
   37.118332 -122.302223
   37.163334 -122.330833
   37.195557 -122.376671
   37.248890 -122.394722
   37.305000 -122.378891
   37.366386 -122.376671
   37.415001 -122.399162
   37.466389 -122.418327
   37.508057 -122.451660
   37.542221 -122.491386
   37.600830 -122.495552
   37.647781 -122.469719
   37.703888 -122.484161
   37.765278 -122.488327
   37.808056 -122.456383
   37.816666 -122.386940
   37.773335 -122.356110
   37.729446 -122.337502
   37.690277 -122.356384
   37.643612 -122.361664
   37.601387 -122.336113
   37.575832 -122.281395
   37.558887 -122.230553
   37.530834 -122.187225
   37.512779 -122.147774
   37.485279 -122.099167
   37.457222 -122.046387
   37.477779 -122.023895
   37.514721 -122.060562
   37.542221 -122.096115
   37.589722 -122.121117
   37.646389 -122.133057
   37.694725 -122.157227
   37.712223 -122.208885
   37.746944 -122.217224
   37.763611 -122.228889
   37.782776 -122.292778
   37.830833 -122.288330
   37.885559 -122.292496
   37.911667 -122.338890
   37.945835 -122.383331
   37.981667 -122.366112
   38.017498 -122.332497
   38.029167 -122.271393
   38.064167 -122.228889
   38.049999 -122.166389
   38.039722 -122.102776
   38.061390 -122.044998
   38.060276 -121.969444
   38.052776 -121.889999
   38.035278 -121.822220
   38.029167 -121.741943
   38.019165 -121.675827
   38.044724 -121.686111
   38.086666 -121.652504
   38.105553 -121.595558
   38.072220 -121.550560
   38.048889 -121.498055
   38.020279 -121.451111
   38.020279 -121.427498
   38.055000 -121.470558
   38.078331 -121.528336
   38.114166 -121.569717
   38.104443 -121.637779
   38.067497 -121.670830
   38.044445 -121.728058
   38.076942 -121.751114
   38.097778 -121.691391
   38.149723 -121.668884
   38.121387 -121.702774
   38.087219 -121.746384
   38.080833 -121.815277
   38.065277 -121.871948
   38.085278 -121.886108
   38.091110 -121.959442
   38.126110 -121.963333
   38.150833 -122.005280
   38.114998 -122.047218
   38.079998 -122.088890
   38.059444 -122.140556
   38.075832 -122.198608
   38.095276 -122.248055
   38.128330 -122.294998
   38.150558 -122.353889
   38.147503 -122.390831
   38.124165 -122.444443
   38.093887 -122.470001
   38.035000 -122.481667
   38.003613 -122.437225
   37.968334 -122.474442
   37.928059 -122.469719
   37.894447 -122.424438
   37.886948 -122.454445
   37.861664 -122.455276
   37.828331 -122.483604
   37.853886 -122.536942
   37.882221 -122.587502
   37.912224 -122.637222
   37.910557 -122.656670
   37.925003 -122.701660
   37.955280 -122.750557
   38.000000 -122.779167
   38.022499 -122.822220
   38.046665 -122.879448
   38.081112 -122.912498
   38.043888 -122.914726
   38.006943 -122.949722
   38.011112 -122.992493
   38.053333 -122.958885
   38.108887 -122.943336
   38.162502 -122.926941
   38.213612 -122.948334
   38.227222 -122.948059
   38.191944 -122.905838
   38.150002 -122.872223
   38.107777 -122.840004
   38.093056 -122.806114
   38.135002 -122.838333
   38.174446 -122.875832
   38.219166 -122.906113
   38.255280 -122.945557
   38.300556 -122.974167
   38.331944 -123.022507
   38.306942 -123.034721
  87
   38.307499 -123.033890
   38.355278 -123.040558
   38.400002 -123.070000
   38.448055 -123.096115
   38.479446 -123.143051
   38.505833 -123.197777
   38.531944 -123.251945
   38.564445 -123.298889
   38.603054 -123.335838
   38.641113 -123.374725
   38.681667 -123.410278
   38.726112 -123.440277
   38.754723 -123.492775
   38.791943 -123.532501
   38.824444 -123.578056
   38.860832 -123.620003
   38.898056 -123.659164
   38.932503 -123.703606
   38.977222 -123.700272
   39.019165 -123.666664
   39.075554 -123.679718
   39.133614 -123.692223
   39.182777 -123.715271
   39.224724 -123.749161
   39.275833 -123.766113
   39.325001 -123.781395
   39.379444 -123.796669
   39.439167 -123.784996
   39.499443 -123.773056
   39.543331 -123.741943
   39.591942 -123.756386
   39.651669 -123.764168
   39.712502 -123.773895
   39.753613 -123.808334
   39.812222 -123.820000
   39.855278 -123.849724
   39.896389 -123.885834
   39.936947 -123.923050
   39.979168 -123.954994
   40.014446 -123.998604
   40.041389 -124.055000
   40.097221 -124.068611
   40.128887 -124.117783
   40.155556 -124.171661
   40.189167 -124.217224
   40.221668 -124.264725
   40.251110 -124.316116
   40.300831 -124.327225
   40.356667 -124.333054
   40.410557 -124.351662
   40.456669 -124.373055
   40.510555 -124.353333
   40.564720 -124.336670
   40.614166 -124.311668
   40.661667 -124.288330
   40.710556 -124.264168
   40.750557 -124.225555
   40.721947 -124.243332
   40.700832 -124.199722
   40.750278 -124.196671
   40.793610 -124.164169
   40.817223 -124.104721
   40.853611 -124.062225
   40.858055 -124.129723
   40.815556 -124.163887
   40.774166 -124.199997
   40.814167 -124.180275
   40.861111 -124.151390
   40.913334 -124.130005
   40.965557 -124.108330
   41.023888 -124.094727
   41.066387 -124.128059
   41.123608 -124.138329
   41.174446 -124.117500
   41.227501 -124.096672
   41.282501 -124.079445
   41.338055 -124.062225
   41.394447 -124.045830
   41.455002 -124.044167
   41.509724 -124.061951
   41.551945 -124.062225
   41.601109 -124.087227
   41.651669 -124.109718
   41.705555 -124.119171
   41.749443 -124.150833
   41.775555 -124.208885
   41.790001 -124.242775
  83
   41.791389 -124.241943
   41.829445 -124.209160
   41.881664 -124.188057
   41.943058 -124.180000
   41.999443 -124.185837
   42.036667 -124.228058
   42.062778 -124.285278
   42.101944 -124.323891
   42.153614 -124.346390
   42.210278 -124.360832
   42.255554 -124.391945
   42.305832 -124.392494
   42.346943 -124.427498
   42.397224 -124.406670
   42.458057 -124.415558
   42.511112 -124.405556
   42.562778 -124.382782
   42.622776 -124.383057
   42.676666 -124.401390
   42.712223 -124.446945
   42.748055 -124.481392
   42.794998 -124.502502
   42.838886 -124.535835
   42.883053 -124.520561
   42.934166 -124.495827
   42.980556 -124.466385
   43.026665 -124.434998
   43.083332 -124.421387
   43.142502 -124.408615
   43.195000 -124.386665
   43.253056 -124.372780
   43.311665 -124.378891
   43.356667 -124.348335
   43.325001 -124.318329
   43.316666 -124.293053
   43.357498 -124.272781
   43.390835 -124.270561
   43.426945 -124.229446
   43.385834 -124.201385
   43.365555 -124.140274
   43.408890 -124.169998
   43.456112 -124.196945
   43.472500 -124.210831
   43.431667 -124.250000
   43.393059 -124.291107
   43.405556 -124.298607
   43.454445 -124.270836
   43.506943 -124.249443
   43.558056 -124.224998
   43.614445 -124.208328
   43.671112 -124.191666
   43.704166 -124.143608
   43.731388 -124.113884
   43.723610 -124.062782
   43.755280 -124.113609
   43.719444 -124.151115
   43.720280 -124.176666
   43.777500 -124.160004
   43.834721 -124.144997
   43.897503 -124.137497
   43.955555 -124.122505
   44.006668 -124.109444
   44.051109 -124.115555
   44.107777 -124.108887
   44.167778 -124.104446
   44.228058 -124.095001
   44.292221 -124.094170
   44.347500 -124.086670
   44.405556 -124.070557
   44.436668 -124.029724
   44.451668 -124.012222
   44.456944 -124.070000
   44.519722 -124.068886
   44.581387 -124.059448
   44.631664 -124.032784
   44.632774 -123.994438
   44.658611 -124.043053
   44.708611 -124.047218
   44.763889 -124.051117
   44.817223 -124.050560
   44.865833 -124.032227
   44.921947 -124.014168
   44.920280 -123.996666
  15
   32.993332 -118.530281
   32.956944 -118.501114
   32.923058 -118.459442
   32.889168 -118.417221
   32.857220 -118.374725
   32.829445 -118.355553
   32.816387 -118.413338
   32.844997 -118.461945
   32.880833 -118.500832
   32.923058 -118.531113
   32.968334 -118.557777
   33.014168 -118.581108
   33.042221 -118.572220
   33.007500 -118.538887
   32.993332 -118.530281
  15
   33.477779 -118.516670
   33.454445 -118.470833
   33.433056 -118.415276
   33.415558 -118.352501
   33.369164 -118.328331
   33.330833 -118.292778
   33.320831 -118.335556
   33.332775 -118.396667
   33.334721 -118.457497
   33.385002 -118.473053
   33.434166 -118.483055
   33.445557 -118.541664
   33.476944 -118.588058
   33.489166 -118.538055
   33.477779 -118.516670
   8
   33.278610 -119.492775
   33.255001 -119.444725
   33.220280 -119.431664
   33.220833 -119.502502
   33.251667 -119.546387
   33.277500 -119.546387
   33.279167 -119.493332
   33.278610 -119.492775
  17
   34.084164 -119.868057
   34.064167 -119.816116
   34.063889 -119.752777
   34.041668 -119.694443
   34.027779 -119.635277
   34.053886 -119.593613
   34.053055 -119.543610
   34.018890 -119.527779
   33.998890 -119.584167
   33.994167 -119.656113
   33.971390 -119.709999
   33.966946 -119.780006
   33.981388 -119.845001
   34.015835 -119.878334
   34.057220 -119.893051
   34.084721 -119.894722
   34.084164 -119.868057
  13
   34.033054 -120.108612
   34.038612 -120.046669
   34.014721 -120.030838
   33.990276 -119.982498
   33.955833 -119.978058
   33.926392 -120.024727
   33.918335 -120.089172
   33.916668 -120.145279
   33.951668 -120.186111
   33.994724 -120.214996
   34.022221 -120.220001
   34.017223 -120.148888
   34.033054 -120.108612
   7
   34.057220 -120.327774
   34.030556 -120.291946
   34.022499 -120.361664
   34.035000 -120.417496
   34.059444 -120.414444
   34.076389 -120.360001
   34.057220 -120.327774
  94
   37.881386 -110.375832
   37.831112 -110.391945
   37.797779 -110.394997
   37.793888 -110.430550
   37.746666 -110.415833
   37.704445 -110.431389
   37.672501 -110.444725
   37.638615 -110.484161
   37.616386 -110.539719
   37.573055 -110.573608
   37.538334 -110.618332
   37.495834 -110.631943
   37.475555 -110.685280
   37.446667 -110.662498
   37.409725 -110.681107
   37.362499 -110.701660
   37.320278 -110.738052
   37.299999 -110.794724
   37.258057 -110.830002
   37.211945 -110.858887
   37.186668 -110.811951
   37.187222 -110.737495
   37.198612 -110.671112
   37.208336 -110.636108
   37.171391 -110.673889
   37.166111 -110.738884
   37.170280 -110.813339
   37.175835 -110.884163
   37.139446 -110.926109
   37.109444 -110.974724
   37.100830 -111.041946
   37.078888 -111.096672
   37.077499 -111.138054
   37.061665 -111.172501
   37.024166 -111.134163
   37.021389 -111.165276
   37.023056 -111.213882
   37.000832 -111.235550
   37.033054 -111.270561
   37.010277 -111.313057
   37.003887 -111.384163
   36.962223 -111.373611
   36.944168 -111.432777
   36.945278 -111.478615
   36.988335 -111.496109
   37.026943 -111.532784
   37.043056 -111.516945
   37.029446 -111.445000
   37.070278 -111.436668
   37.100555 -111.442497
   37.063889 -111.403053
   37.025833 -111.364441
   37.040554 -111.308334
   37.084999 -111.335281
   37.109722 -111.281670
   37.152500 -111.275558
   37.169724 -111.275833
   37.135002 -111.232498
   37.088886 -111.207771
   37.121944 -111.171661
   37.169167 -111.183052
   37.158611 -111.138611
   37.118053 -111.120003
   37.123333 -111.053337
   37.135002 -110.988327
   37.163334 -110.937225
   37.204723 -110.901390
   37.249443 -110.866669
   37.298332 -110.874725
   37.315277 -110.876945
   37.317497 -110.826385
   37.354443 -110.859718
   37.337776 -110.793610
   37.357220 -110.738052
   37.408611 -110.730553
   37.445835 -110.720001
   37.483334 -110.756668
   37.521389 -110.765274
   37.524723 -110.746941
   37.570000 -110.757500
   37.531113 -110.720001
   37.496666 -110.677498
   37.540833 -110.645279
   37.581665 -110.607224
   37.623333 -110.570000
   37.650280 -110.518890
   37.694447 -110.496941
   37.733055 -110.457497
   37.777779 -110.462776
   37.828331 -110.472221
   37.856941 -110.423050
   37.903057 -110.424438
   37.908890 -110.369446
   37.881386 -110.375832
  84
   36.563610 -114.324165
   36.507500 -114.332222
   36.461391 -114.329163
   36.412502 -114.311111
   36.372776 -114.349724
   36.322220 -114.373055
   36.261391 -114.375000
   36.202225 -114.386665
   36.165558 -114.360832
   36.131111 -114.319168
   36.091110 -114.285553
   36.054443 -114.244995
   36.028057 -114.218056
   36.040833 -114.154167
   36.097221 -114.142776
   36.143890 -114.111946
   36.181114 -114.072220
   36.213333 -114.026947
   36.261944 -114.002777
   36.214447 -113.980278
   36.170002 -113.956665
   36.141392 -113.916115
   36.100277 -113.885277
   36.067776 -113.840279
   36.048889 -113.777779
   36.004444 -113.756668
   35.963890 -113.724998
   35.919445 -113.697220
   35.877777 -113.664169
   35.838333 -113.631393
   35.845276 -113.659447
   35.872498 -113.688057
   35.914448 -113.710831
   35.957779 -113.740555
   36.002224 -113.767502
   36.042221 -113.800003
   36.060276 -113.868057
   36.097500 -113.906387
   36.119999 -113.943336
   36.149445 -113.978615
   36.195835 -114.001114
   36.176392 -114.055557
   36.122219 -114.078888
   36.073887 -114.095284
   36.017776 -114.110275
   36.015556 -114.183609
   36.008888 -114.238609
   36.034443 -114.295280
   36.070278 -114.319443
   36.113888 -114.347504
   36.113609 -114.375000
   36.096943 -114.396385
   36.062500 -114.425278
   36.078888 -114.455551
   36.112778 -114.498886
   36.150558 -114.536667
   36.138615 -114.595001
   36.115833 -114.649719
   36.084164 -114.696114
   36.039722 -114.696114
   36.011665 -114.741386
   36.031113 -114.753334
   36.048332 -114.810005
   36.093056 -114.812782
   36.125000 -114.857224
   36.136391 -114.799164
   36.135834 -114.738052
   36.153889 -114.708054
   36.152225 -114.649162
   36.161945 -114.588333
   36.169445 -114.518616
   36.171391 -114.449448
   36.223610 -114.433609
   36.277222 -114.413887
   36.323608 -114.428886
   36.362778 -114.415833
   36.409447 -114.384995
   36.456112 -114.370560
   36.483334 -114.408058
   36.499722 -114.384163
   36.489723 -114.349449
   36.539444 -114.338890
   36.570553 -114.327499
   36.563610 -114.324165
  13
   35.574165 -114.638329
   35.528889 -114.645279
   35.481113 -114.639717
   35.440556 -114.607773
   35.388058 -114.594727
   35.342499 -114.590561
   35.384724 -114.620560
   35.419167 -114.661949
   35.477222 -114.667778
   35.531113 -114.672218
   35.577499 -114.662498
   35.619720 -114.643051
   35.574165 -114.638329
  17
   34.509724 -114.354721
   34.476391 -114.340004
   34.443611 -114.297501
   34.413055 -114.249443
   34.383053 -114.200829
   34.356110 -114.146667
   34.322777 -114.104164
   34.305279 -114.078888
   34.320831 -114.143051
   34.356110 -114.181938
   34.383614 -114.234993
   34.412224 -114.285835
   34.446945 -114.328056
   34.464169 -114.387779
   34.514168 -114.387779
   34.525002 -114.361946
   34.509724 -114.354721
  23
   40.886391 -122.208885
   40.847500 -122.239716
   40.803333 -122.270561
   40.769165 -122.240829
   40.793056 -122.182495
   40.764168 -122.195557
   40.763889 -122.127228
   40.759445 -122.105553
   40.740555 -122.169167
   40.752777 -122.228889
   40.758057 -122.286942
   40.743889 -122.356667
   40.718334 -122.407501
   40.746113 -122.430275
   40.771111 -122.399162
   40.803055 -122.385277
   40.825832 -122.370834
   40.806942 -122.353333
   40.768333 -122.325554
   40.808334 -122.287498
   40.854164 -122.260277
   40.894726 -122.224998
   40.886391 -122.208885
  67
   41.660000 -112.766113
   41.613888 -112.785278
   41.559166 -112.774445
   41.513889 -112.746109
   41.477222 -112.705551
   41.447781 -112.650276
   41.425003 -112.592224
   41.394169 -112.556946
   41.355278 -112.519447
   41.303333 -112.507500
   41.250557 -112.492775
   41.214722 -112.450272
   41.233891 -112.387497
   41.230278 -112.324440
   41.199722 -112.271667
   41.154446 -112.245827
   41.123608 -112.192223
   41.085556 -112.160561
   41.052498 -112.113052
   41.009998 -112.100555
   40.974167 -112.064728
   40.931946 -112.033890
   40.921112 -112.016388
   40.919167 -112.079445
   40.962780 -112.109161
   41.005280 -112.134720
   41.046387 -112.168610
   41.074165 -112.226387
   41.038334 -112.258614
   40.988056 -112.241943
   40.935558 -112.227501
   40.888058 -112.205833
   40.851665 -112.163612
   40.796944 -112.167221
   40.752499 -112.202774
   40.731945 -112.264168
   40.702778 -112.315277
   40.697224 -112.367783
   40.751110 -112.372780
   40.796387 -112.398605
   40.831665 -112.443054
   40.886391 -112.454445
   40.930836 -112.482224
   40.961945 -112.531113
   41.018612 -112.536667
   41.062778 -112.566666
   41.087498 -112.616669
   41.041389 -112.650558
   40.988613 -112.679161
   40.997780 -112.710831
   41.036667 -112.751114
   41.090000 -112.761948
   41.149170 -112.764725
   41.193890 -112.791946
   41.238888 -112.819168
   41.279999 -112.853607
   41.321110 -112.889999
   41.363052 -112.905838
   41.407223 -112.935280
   41.455555 -112.940002
   41.505833 -112.956383
   41.564720 -112.946114
   41.608608 -112.919167
   41.657223 -112.893890
   41.675278 -112.831390
   41.675278 -112.759720
   41.660000 -112.766113
 328
   19.831945 -105.377777
   19.868610 -105.403610
   19.902777 -105.441109
   19.944443 -105.468613
   19.987501 -105.494438
   20.030277 -105.520836
   20.076946 -105.542221
   20.135834 -105.547218
   20.193054 -105.555000
   20.236111 -105.580833
   20.275833 -105.610558
   20.317501 -105.638885
   20.358612 -105.667221
   20.406944 -105.676666
   20.441387 -105.645279
   20.471666 -105.604721
   20.490833 -105.554451
   20.493334 -105.489166
   20.498890 -105.426941
   20.510555 -105.370003
   20.529722 -105.319443
   20.561388 -105.280281
   20.591389 -105.239716
   20.648890 -105.240555
   20.694721 -105.262222
   20.730556 -105.297775
   20.770277 -105.327774
   20.761944 -105.383888
   20.760279 -105.441666
   20.781944 -105.494720
   20.785000 -105.544441
   20.818056 -105.506668
   20.828890 -105.461945
   20.881390 -105.440559
   20.913889 -105.401947
   20.955278 -105.371117
   20.989166 -105.333893
   21.030832 -105.303055
   21.046944 -105.252777
   21.097500 -105.230003
   21.159445 -105.222778
   21.209446 -105.217224
   21.267500 -105.219444
   21.322224 -105.230835
   21.376112 -105.229721
   21.421110 -105.202217
   21.462778 -105.189171
   21.510279 -105.209717
   21.518610 -105.259163
   21.543612 -105.308617
   21.568056 -105.358612
   21.592222 -105.407501
   21.629723 -105.440834
   21.682499 -105.454163
   21.729168 -105.475555
   21.775278 -105.497498
   21.811666 -105.522224
   21.855833 -105.546669
   21.895834 -105.576942
   21.931944 -105.612221
   21.971111 -105.643051
   22.024445 -105.655838
   22.086945 -105.650276
   22.154722 -105.644440
   22.220278 -105.636383
   22.280556 -105.640274
   22.337223 -105.648605
   22.385000 -105.668610
   22.430832 -105.690834
   22.466667 -105.713608
   22.512222 -105.736664
   22.540833 -105.732498
   22.555832 -105.755554
   22.600000 -105.780281
   22.643888 -105.805283
   22.680000 -105.840561
   22.711668 -105.881668
   22.750834 -105.912781
   22.785000 -105.950829
   22.813055 -105.996666
   22.852501 -105.989716
   22.830557 -106.033058
   22.870834 -106.063057
   22.906666 -106.096947
   22.945276 -106.129166
   22.983612 -106.161392
   23.020834 -106.195282
   23.056110 -106.231667
   23.082224 -106.280281
   23.120556 -106.313339
   23.155832 -106.349724
   23.188055 -106.390274
   23.196667 -106.428329
   23.248056 -106.443893
   23.291111 -106.471390
   23.330557 -106.481110
   23.367222 -106.501114
   23.408611 -106.529449
   23.435833 -106.576668
   23.470001 -106.615555
   23.512501 -106.642220
   23.545834 -106.679161
   23.586668 -106.708328
   23.613056 -106.756386
   23.643888 -106.798889
   23.697222 -106.811951
   23.733612 -106.846947
   23.780832 -106.868332
   23.827223 -106.890556
   23.868889 -106.919167
   23.902222 -106.958328
   23.937777 -106.994438
   23.973057 -107.031113
   23.999445 -107.072502
   24.029722 -107.115829
   24.061666 -107.156670
   24.091667 -107.200272
   24.125555 -107.238609
   24.153055 -107.283890
   24.179167 -107.332222
   24.207500 -107.378059
   24.250555 -107.402222
   24.272778 -107.453888
   24.302221 -107.498329
   24.337223 -107.535278
   24.366388 -107.579720
   24.392221 -107.629723
   24.418888 -107.677223
   24.443888 -107.720558
   24.471945 -107.766670
   24.510834 -107.798889
   24.486389 -107.767784
   24.462223 -107.716667
   24.435555 -107.669167
   24.408611 -107.620834
   24.382500 -107.572220
   24.361389 -107.517502
   24.356112 -107.509445
   24.384445 -107.551666
   24.362501 -107.504448
   24.380278 -107.491661
   24.424999 -107.483055
   24.471390 -107.505554
   24.520277 -107.525002
   24.518610 -107.589447
   24.511667 -107.565834
   24.481667 -107.572777
   24.455278 -107.618332
   24.480833 -107.656113
   24.485277 -107.701111
   24.517221 -107.742493
   24.553333 -107.778061
   24.589724 -107.813614
   24.607500 -107.864166
   24.629723 -107.917778
   24.612778 -107.910004
   24.575834 -107.874443
   24.546110 -107.830833
   24.530556 -107.827499
   24.559999 -107.871948
   24.586111 -107.920555
   24.618889 -107.960274
   24.652500 -107.999161
   24.709167 -108.008888
   24.752222 -108.035553
   24.787777 -108.050835
   24.760834 -108.010002
   24.774166 -107.972504
   24.820278 -107.994995
   24.850834 -107.998604
   24.909166 -108.004448
   24.956945 -107.987495
   24.990000 -108.027229
   24.969168 -108.047218
   24.920277 -108.027779
   24.863056 -108.036942
   24.826389 -108.062782
   24.824722 -108.110832
   24.865278 -108.140831
   24.909721 -108.166115
   24.954723 -108.190559
   25.001667 -108.212494
   25.041666 -108.243332
   25.075834 -108.281670
   25.103611 -108.328056
   25.099445 -108.274445
   25.065832 -108.235275
   25.024166 -108.206940
   24.980833 -108.179161
   24.972223 -108.132782
   25.017221 -108.136108
   25.037222 -108.148056
   25.036110 -108.121666
   25.012501 -108.074997
   25.006390 -108.025284
   25.031111 -108.006386
   25.069723 -108.038887
   25.099167 -108.083611
   25.124445 -108.131943
   25.105556 -108.162224
   25.141945 -108.198059
   25.165556 -108.234993
   25.152777 -108.289169
   25.167221 -108.352501
   25.199165 -108.344727
   25.202778 -108.316940
   25.252222 -108.335838
   25.237501 -108.374443
   25.184999 -108.380836
   25.146944 -108.401390
   25.205833 -108.393608
   25.250278 -108.420555
   25.278055 -108.466942
   25.293612 -108.519722
   25.318890 -108.569443
   25.341667 -108.622505
   25.350834 -108.692780
   25.368889 -108.712494
   25.362223 -108.642220
   25.344723 -108.593338
   25.375555 -108.635834
   25.396667 -108.684448
   25.380833 -108.740555
   25.396667 -108.764442
   25.417221 -108.739998
   25.434444 -108.762222
   25.467222 -108.769722
   25.521944 -108.763885
   25.532499 -108.801117
   25.561388 -108.844727
   25.561388 -108.898888
   25.520000 -108.876114
   25.472778 -108.900276
   25.470001 -108.941666
   25.498611 -108.952499
   25.492222 -109.016113
   25.460001 -109.029449
   25.490833 -109.071945
   25.526112 -109.108887
   25.562777 -109.078613
   25.571945 -109.024727
   25.538055 -108.989166
   25.582500 -108.971947
   25.612223 -108.929443
   25.652222 -108.896667
   25.681665 -108.875282
   25.733334 -108.864998
   25.771111 -108.831665
   25.794443 -108.852776
   25.747499 -108.873055
   25.698889 -108.897499
   25.670555 -108.941666
   25.654999 -108.997772
   25.608612 -109.025833
   25.588057 -109.075279
   25.576946 -109.130280
   25.620556 -109.156670
   25.655277 -109.195282
   25.680277 -109.245552
   25.646667 -109.237221
   25.615278 -109.195282
   25.581945 -109.155838
   25.569168 -109.171944
   25.605833 -109.207497
   25.632223 -109.255836
   25.631666 -109.316940
   25.632778 -109.383888
   25.656666 -109.378334
   25.663334 -109.319168
   25.699444 -109.291389
   25.740833 -109.312782
   25.763056 -109.366112
   25.725000 -109.394722
   25.678610 -109.399719
   25.737778 -109.403053
   25.777500 -109.435280
   25.820278 -109.437500
   25.861111 -109.405556
   25.859722 -109.416939
   25.916945 -109.422775
   25.965557 -109.440002
   26.025278 -109.426384
   26.064444 -109.402779
   26.100834 -109.368057
   26.144444 -109.338890
   26.188332 -109.314171
   26.234167 -109.286110
   26.287222 -109.266113
   26.280001 -109.247498
   26.243334 -109.280838
   26.180832 -109.290276
   26.173332 -109.268616
   26.225555 -109.247772
   26.275000 -109.224167
   26.327501 -109.224998
   26.333612 -109.179161
   26.287500 -109.155838
   26.258055 -109.158890
   26.224445 -109.123055
   26.231112 -109.099449
   26.266945 -109.087502
   26.292221 -109.117783
   26.336945 -109.142776
   26.377777 -109.172775
   26.359446 -109.186386
   26.339724 -109.233055
   26.366388 -109.243332
   26.430000 -109.239441
   26.483612 -109.253052
   26.531111 -109.275002
   26.561666 -109.304169
   26.591667 -109.348061
   26.631390 -109.379723
   26.667221 -109.416389
   26.686943 -109.473335
   26.703890 -109.434448
   26.734446 -109.475830
   26.752222 -109.509163
   26.750834 -109.554169
   26.725555 -109.534164
   26.700556 -109.506943
   26.684999 -109.534996
   26.698332 -109.599998
   26.687222 -109.655556
   26.678055 -109.711388
   26.701668 -109.763611
   26.735277 -109.802780
   26.736944 -109.805000
 167
   26.736389 -109.806671
   26.770834 -109.834999
   26.816111 -109.859444
   26.865278 -109.879166
   26.918888 -109.893051
   26.960556 -109.922501
   27.000000 -109.944443
   26.960556 -109.912498
   26.946667 -109.884163
   26.994444 -109.905556
   27.049999 -109.916939
   27.091667 -109.947220
   27.114166 -109.998886
   27.100000 -110.038612
   27.109167 -110.095558
   27.126945 -110.155281
   27.136944 -110.224998
   27.160833 -110.277229
   27.163889 -110.320274
   27.203335 -110.352219
   27.240000 -110.387779
   27.273056 -110.428055
   27.293333 -110.484444
   27.303610 -110.473053
   27.333055 -110.460274
   27.371389 -110.473335
   27.376112 -110.520279
   27.389999 -110.551666
   27.444443 -110.558891
   27.488890 -110.581665
   27.546110 -110.586388
   27.589167 -110.613884
   27.637777 -110.634720
   27.659445 -110.615273
   27.678888 -110.569168
   27.681944 -110.599167
   27.722778 -110.580276
   27.741667 -110.561394
   27.763889 -110.605553
   27.801666 -110.611664
   27.822500 -110.590004
   27.836668 -110.541107
   27.864723 -110.515274
   27.876945 -110.568611
   27.876945 -110.608330
   27.874722 -110.632500
   27.899445 -110.683609
   27.913610 -110.747772
   27.910278 -110.808617
   27.916111 -110.830833
   27.951113 -110.826111
   27.986389 -110.850273
   27.932499 -110.854446
   27.895834 -110.891663
   27.865833 -110.865829
   27.850834 -110.893051
   27.873333 -110.934998
   27.910833 -110.956665
   27.936110 -110.969170
   27.968889 -111.009720
   27.948055 -111.062225
   27.950834 -111.103333
   27.978056 -111.132500
   28.007778 -111.177223
   28.039165 -111.219719
   28.075834 -111.256386
   28.116945 -111.286385
   28.160555 -111.314171
   28.203611 -111.341949
   28.237223 -111.381943
   28.283333 -111.405556
   28.316668 -111.445557
   28.360001 -111.448608
   28.378611 -111.463051
   28.395834 -111.511948
   28.416666 -111.567497
   28.437777 -111.623055
   28.457224 -111.680275
   28.498333 -111.710831
   28.547222 -111.732224
   28.588333 -111.763336
   28.624166 -111.800278
   28.655277 -111.843056
   28.690556 -111.880836
   28.725000 -111.919441
   28.764444 -111.942223
   28.778610 -111.894722
   28.750555 -111.859444
   28.799444 -111.870003
   28.812222 -111.929443
   28.838890 -111.978058
   28.868889 -112.023338
   28.913889 -112.048889
   28.944443 -112.092781
   28.969723 -112.143608
   29.005556 -112.152779
   29.053055 -112.175278
   29.110001 -112.165833
   29.157499 -112.186943
   29.190277 -112.221115
   29.242222 -112.200272
   29.296944 -112.208328
   29.332224 -112.246384
   29.330833 -112.313889
   29.296389 -112.328331
   29.321390 -112.369446
   29.358889 -112.404167
   29.409721 -112.396111
   29.463057 -112.376945
   29.509722 -112.398888
   29.554443 -112.425552
   29.587502 -112.467781
   29.625834 -112.502777
   29.671665 -112.528061
   29.698332 -112.565002
   29.738333 -112.587502
   29.785000 -112.611107
   29.826946 -112.640274
   29.880001 -112.655838
   29.911388 -112.690559
   29.910278 -112.734718
   29.965834 -112.737495
   30.023333 -112.730553
   30.069445 -112.755280
   30.135277 -112.749443
   30.198332 -112.752777
   30.242779 -112.778893
   30.276945 -112.818329
   30.278610 -112.860832
   30.329723 -112.844170
   30.388056 -112.851662
   30.435833 -112.874725
   30.473890 -112.909164
   30.512777 -112.944443
   30.552776 -112.976669
   30.590000 -113.011948
   30.631390 -113.042496
   30.675278 -113.069717
   30.726389 -113.088058
   30.778610 -113.104446
   30.831390 -113.112221
   30.884445 -113.093338
   30.942499 -113.080833
   30.998056 -113.093338
   31.045834 -113.115829
   31.066946 -113.098892
   31.015556 -113.081390
   31.026112 -113.058060
   31.082779 -113.042496
   31.139166 -113.038330
   31.170555 -113.058334
   31.219444 -113.079720
   31.233055 -113.137222
   31.202778 -113.106110
   31.211945 -113.154167
   31.241388 -113.199722
   31.281111 -113.231941
   31.266945 -113.271667
   31.243889 -113.217781
   31.248333 -113.285278
   31.264723 -113.347504
   31.277222 -113.403336
   31.282499 -113.461105
   31.300833 -113.520836
   31.326113 -113.571663
   31.343613 -113.630554
   31.349445 -113.635834
 166
   31.349445 -113.635834
   31.373890 -113.618057
   31.430832 -113.629166
   31.488611 -113.632225
   31.520000 -113.675552
   31.541388 -113.731392
   31.562777 -113.786942
   31.585278 -113.841110
   31.610001 -113.892776
   31.606945 -113.952774
   31.662500 -113.965553
   31.626112 -113.977501
   31.572500 -113.981941
   31.563334 -113.948059
   31.525000 -113.983055
   31.497499 -114.020836
   31.496111 -114.086945
   31.501389 -114.156944
   31.520834 -114.215271
   31.547222 -114.264442
   31.575001 -114.311951
   31.610001 -114.351387
   31.631945 -114.406387
   31.663055 -114.449997
   31.692221 -114.496941
   31.723057 -114.540558
   31.758055 -114.579163
   31.766945 -114.637222
   31.770555 -114.701660
   31.805555 -114.741104
   31.819445 -114.803894
   31.854168 -114.842781
   31.881945 -114.890556
   31.908333 -114.940002
   31.926388 -114.999443
   31.967222 -115.024445
   31.921665 -115.021950
   31.904167 -114.968056
   31.873890 -114.923607
   31.830002 -114.900833
   31.801666 -114.853889
   31.766111 -114.820831
   31.708334 -114.810837
   31.668888 -114.788887
   31.623611 -114.796112
   31.585835 -114.831665
   31.531944 -114.849449
   31.469444 -114.854721
   31.413889 -114.866112
   31.349445 -114.865829
   31.286388 -114.873337
   31.223333 -114.877777
   31.161388 -114.880836
   31.106667 -114.866669
   31.071667 -114.828056
   31.023333 -114.828888
   30.980001 -114.808891
   30.959723 -114.752502
   30.930000 -114.707497
   30.867779 -114.702499
   30.814444 -114.686943
   30.752501 -114.692780
   30.688610 -114.693611
   30.630556 -114.686668
   30.584167 -114.662224
   30.534166 -114.644165
   30.493334 -114.625832
   30.433611 -114.632782
   30.377777 -114.637779
   30.320835 -114.641388
   30.268888 -114.639999
   30.214724 -114.654449
   30.171389 -114.637779
   30.127777 -114.610001
   30.083889 -114.582497
   30.033054 -114.563057
   29.991945 -114.532227
   29.967501 -114.481110
   29.922499 -114.454994
   29.906111 -114.405281
   29.851112 -114.391663
   29.802221 -114.380005
   29.776388 -114.332222
   29.768888 -114.284447
   29.767778 -114.243607
   29.743889 -114.191948
   29.703890 -114.159447
   29.670000 -114.120003
   29.634167 -114.082222
   29.593056 -114.051392
   29.568335 -114.000557
   29.540556 -113.964165
   29.506666 -113.926109
   29.477222 -113.881111
   29.448610 -113.835281
   29.415833 -113.794167
   29.378056 -113.759720
   29.342501 -113.721947
   29.303888 -113.688332
   29.266111 -113.653893
   29.213335 -113.656670
   29.174166 -113.623894
   29.139999 -113.584724
   29.105278 -113.546387
   29.054167 -113.528061
   29.008333 -113.547218
   28.960279 -113.536942
   28.920000 -113.526115
   28.892221 -113.487495
   28.916666 -113.460556
   28.954723 -113.436386
   28.941387 -113.400833
   28.930000 -113.370834
   28.886944 -113.350830
   28.839724 -113.352219
   28.794722 -113.336388
   28.810833 -113.284164
   28.830278 -113.231667
   28.799999 -113.187782
   28.745556 -113.176941
   28.697222 -113.160561
   28.638611 -113.153053
   28.591389 -113.130280
   28.532223 -113.121948
   28.479723 -113.111946
   28.455557 -113.060837
   28.435555 -113.004166
   28.446388 -112.940559
   28.430277 -112.893890
   28.414722 -112.861107
   28.361668 -112.870003
   28.298889 -112.874443
   28.252222 -112.852501
   28.219168 -112.812225
   28.181389 -112.789169
   28.118610 -112.793892
   28.067780 -112.775284
   28.018888 -112.767502
   27.997499 -112.724442
   27.938055 -112.734161
   27.886110 -112.735275
   27.834723 -112.752502
   27.806944 -112.705833
   27.753056 -112.691391
   27.711945 -112.660835
   27.697222 -112.612778
   27.659166 -112.586113
   27.628611 -112.544167
   27.615833 -112.493607
   27.587778 -112.447220
   27.558611 -112.402222
   27.539999 -112.344444
   27.498333 -112.315002
   27.439722 -112.306389
   27.379723 -112.302505
   27.331112 -112.281944
   27.300554 -112.256386
   27.262222 -112.223053
   27.218889 -112.208054
   27.210835 -112.229446
   27.180277 -112.186386
   27.163334 -112.139442
   27.133888 -112.094727
   27.123056 -112.045280
   27.104723 -111.986938
   27.101944 -111.955276
 261
   27.101944 -111.955276
   27.069723 -111.969444
   27.041388 -112.014168
   26.992500 -112.025284
   26.951389 -111.994995
   26.917500 -111.971664
   26.884167 -111.931664
   26.843889 -111.900833
   26.785276 -111.895554
   26.738890 -111.917221
   26.705557 -111.877777
   26.659721 -111.853333
   26.631666 -111.807228
   26.587223 -111.781113
   26.552776 -111.743332
   26.580278 -111.699448
   26.622223 -111.701111
   26.659445 -111.735832
   26.691387 -111.776947
   26.727501 -111.813339
   26.775000 -111.835556
   26.826668 -111.852501
   26.878611 -111.868889
   26.898056 -111.824165
   26.869167 -111.778061
   26.839167 -111.733330
   26.807777 -111.691391
   26.773056 -111.653336
   26.743612 -111.608887
   26.718889 -111.558891
   26.652222 -111.560280
   26.587778 -111.560837
   26.547777 -111.529449
   26.525555 -111.477776
   26.506111 -111.445000
   26.461668 -111.473892
   26.404444 -111.471664
   26.373611 -111.445000
   26.345556 -111.401390
   26.297222 -111.396667
   26.257778 -111.401947
   26.206667 -111.384163
   26.161667 -111.359161
   26.119167 -111.331108
   26.067501 -111.325829
   26.014723 -111.342499
   25.969168 -111.358330
   25.920000 -111.345001
   25.866945 -111.329720
   25.836390 -111.293335
   25.776112 -111.296944
   25.738890 -111.262497
   25.704723 -111.225555
   25.654444 -111.207222
   25.607224 -111.184723
   25.573057 -111.146667
   25.542778 -111.103333
   25.536943 -111.052780
   25.514999 -111.015274
   25.448610 -111.020004
   25.396389 -111.007225
   25.352501 -110.980835
   25.313055 -110.949165
   25.254168 -110.948059
   25.213890 -110.916939
   25.161667 -110.901390
   25.118889 -110.873611
   25.081390 -110.839447
   25.053610 -110.793335
   25.023333 -110.750275
   24.971945 -110.741386
   24.938055 -110.710831
   24.893612 -110.685555
   24.839167 -110.672501
   24.779444 -110.672501
   24.726667 -110.692223
   24.684999 -110.723053
   24.624445 -110.733604
   24.559721 -110.733055
   24.511110 -110.712494
   24.460001 -110.695282
   24.396111 -110.694168
   24.351389 -110.668053
   24.311110 -110.636665
   24.285555 -110.593895
   24.256390 -110.549721
   24.224167 -110.510834
   24.209167 -110.449165
   24.202778 -110.381668
   24.193611 -110.314445
   24.165833 -110.332779
   24.185833 -110.372223
   24.156389 -110.390831
   24.116388 -110.360275
   24.144167 -110.317780
   24.175278 -110.283333
   24.219444 -110.268890
   24.266111 -110.291664
   24.316946 -110.302780
   24.348890 -110.271118
   24.354168 -110.218613
   24.313889 -110.188057
   24.275000 -110.155838
   24.237501 -110.122223
   24.206945 -110.078888
   24.183332 -110.027779
   24.146944 -109.991661
   24.096390 -109.974167
   24.043888 -109.958885
   24.023890 -109.910278
   24.043055 -109.857773
   24.042778 -109.816391
   24.003611 -109.805557
   23.953611 -109.821114
   23.898056 -109.814445
   23.864723 -109.775284
   23.833612 -109.733604
   23.797777 -109.697777
   23.738890 -109.704163
   23.690277 -109.696945
   23.648611 -109.668327
   23.629723 -109.611946
   23.613056 -109.552223
   23.586668 -109.504448
   23.547777 -109.472778
   23.509167 -109.440002
   23.468334 -109.410835
   23.415833 -109.410004
   23.376112 -109.422501
   23.320002 -109.428055
   23.270000 -109.435280
   23.215000 -109.446671
   23.172777 -109.476669
   23.133333 -109.509445
   23.106390 -109.554169
   23.089724 -109.608330
   23.061943 -109.652222
   23.031389 -109.693336
   22.983612 -109.713608
   22.960279 -109.761665
   22.926666 -109.800560
   22.899721 -109.845001
   22.884445 -109.901390
   22.863890 -109.951942
   22.886110 -110.004997
   22.922499 -110.040001
   22.966112 -110.066116
   23.012222 -110.090004
   23.065277 -110.104446
   23.120834 -110.115829
   23.178610 -110.124725
   23.233055 -110.137497
   23.281389 -110.157776
   23.332779 -110.174438
   23.373333 -110.201942
   23.403055 -110.239716
   23.450279 -110.261391
   23.498333 -110.282227
   23.547499 -110.301666
   23.580002 -110.341393
   23.615557 -110.378059
   23.637777 -110.430832
   23.656666 -110.487495
   23.677500 -110.541664
   23.701944 -110.591393
   23.731667 -110.634445
   23.769444 -110.669716
   23.806944 -110.703606
   23.843889 -110.738052
   23.880833 -110.773338
   23.913055 -110.814445
   23.938889 -110.862495
   23.966667 -110.908058
   24.013334 -110.930832
   24.048056 -110.968056
   24.082500 -111.006668
   24.115278 -111.046944
   24.139723 -111.096672
   24.162222 -111.148888
   24.186943 -111.185837
   24.211111 -111.235832
   24.237501 -111.283333
   24.263889 -111.330833
   24.285276 -111.371666
   24.308887 -111.422501
   24.334446 -111.470833
   24.328890 -111.440834
   24.308611 -111.386383
   24.324446 -111.416389
   24.351389 -111.463051
   24.388056 -111.498604
   24.425554 -111.532784
   24.447222 -111.586113
   24.485834 -111.619446
   24.529722 -111.645828
   24.581112 -111.661110
   24.572500 -111.692497
   24.551666 -111.722504
   24.557499 -111.775833
   24.534721 -111.774727
   24.516945 -111.805840
   24.568890 -111.812782
   24.626389 -111.822502
   24.672222 -111.846672
   24.710556 -111.879448
   24.740833 -111.922501
   24.764444 -111.927223
   24.798332 -111.965553
   24.845278 -111.988052
   24.889166 -112.013054
   24.842779 -112.007225
   24.801666 -111.981941
   24.769444 -111.983055
   24.766111 -111.997498
   24.771666 -112.031944
   24.818890 -112.044724
   24.847223 -112.048607
   24.797499 -112.056389
   24.753334 -112.071663
   24.756111 -112.087502
   24.788055 -112.093338
   24.842779 -112.104721
   24.883612 -112.123894
   24.920000 -112.092499
   24.946667 -112.088890
   24.986111 -112.096672
   25.017221 -112.114723
   24.967222 -112.135551
   24.913334 -112.146667
   24.904999 -112.177498
   24.954168 -112.170273
   24.996389 -112.146111
   25.048611 -112.126114
   25.103611 -112.129166
   25.155277 -112.128891
   25.207224 -112.110275
   25.243612 -112.074165
   25.304443 -112.067223
   25.368610 -112.060837
   25.420277 -112.076385
   25.453890 -112.073051
   25.498611 -112.063057
   25.556110 -112.073051
   25.618610 -112.071945
   25.678333 -112.071114
   25.703611 -112.086670
   25.639444 -112.093056
   25.580833 -112.086113
   25.522223 -112.096947
   25.560278 -112.108612
   25.624445 -112.108887
   25.685833 -112.104164
   25.747223 -112.104721
   25.796667 -112.124443
   25.840279 -112.146667
   25.889166 -112.165276
   25.938610 -112.184998
   25.985001 -112.208611
   26.026667 -112.237778
   26.056110 -112.282784
   26.093613 -112.309166
 167
   26.093613 -112.309166
   26.092222 -112.345833
   26.156944 -112.345833
   26.213057 -112.357498
   26.258612 -112.381943
   26.289722 -112.423889
   26.264166 -112.468056
   26.288610 -112.518333
   26.325834 -112.536942
   26.320002 -112.595558
   26.332779 -112.646942
   26.349722 -112.693611
   26.378611 -112.726112
   26.406389 -112.772224
   26.440277 -112.782227
   26.455833 -112.828888
   26.492222 -112.864723
   26.526388 -112.901390
   26.548332 -112.950272
   26.568890 -113.003891
   26.605833 -113.038887
   26.634167 -113.084450
   26.667221 -113.087784
   26.675833 -113.099449
   26.686666 -113.154999
   26.703335 -113.214996
   26.744167 -113.227776
   26.792500 -113.214165
   26.827501 -113.176384
   26.864445 -113.141106
   26.914722 -113.125557
   26.964724 -113.144997
   26.948332 -113.184166
   26.886667 -113.182220
   26.845001 -113.203331
   26.813889 -113.240829
   26.813610 -113.209442
   26.778610 -113.246941
   26.745556 -113.265274
   26.775000 -113.309448
   26.800278 -113.359718
   26.816111 -113.420555
   26.822500 -113.406670
   26.844444 -113.445557
   26.817223 -113.475281
   26.783611 -113.514168
   26.745834 -113.532784
   26.736944 -113.597504
   26.768333 -113.639442
   26.806110 -113.679161
   26.831667 -113.728333
   26.881111 -113.748604
   26.921110 -113.780006
   26.957779 -113.815277
   26.986668 -113.860558
   27.000834 -113.916115
   26.981945 -113.970558
   27.001944 -114.018333
   27.037222 -114.055557
   27.085278 -114.077499
   27.117222 -114.118614
   27.144722 -114.165558
   27.163610 -114.222504
   27.145834 -114.275558
   27.162500 -114.330276
   27.188610 -114.378891
   27.201389 -114.422218
   27.230556 -114.457497
   27.271666 -114.478333
   27.334723 -114.480835
   27.385277 -114.500000
   27.427221 -114.529449
   27.453056 -114.577774
   27.489723 -114.613609
   27.510279 -114.668610
   27.527500 -114.727501
   27.565556 -114.762497
   27.611389 -114.788055
   27.636667 -114.837502
   27.658054 -114.843895
   27.696388 -114.877502
   27.676111 -114.917496
   27.713335 -114.944168
   27.721111 -114.988884
   27.751389 -115.019722
   27.805832 -115.034164
   27.851667 -115.059166
   27.843056 -115.016945
   27.831390 -114.957497
   27.838612 -114.896111
   27.824167 -114.838615
   27.814444 -114.776947
   27.804167 -114.720833
   27.780832 -114.668884
   27.768333 -114.607498
   27.771944 -114.543053
   27.777222 -114.479446
   27.805277 -114.434166
   27.842779 -114.398888
   27.875834 -114.358887
   27.845835 -114.336113
   27.786110 -114.334167
   27.746111 -114.302505
   27.724167 -114.248329
   27.700834 -114.196671
   27.701668 -114.139168
   27.714445 -114.077499
   27.696943 -114.021950
   27.706667 -113.979721
   27.743334 -113.996109
   27.764444 -114.036942
   27.754723 -114.076942
   27.725834 -114.121391
   27.727501 -114.172218
   27.758055 -114.215271
   27.798611 -114.214722
   27.838333 -114.247215
   27.855278 -114.306946
   27.898611 -114.291389
   27.949720 -114.280281
   27.975000 -114.232224
   28.009445 -114.193611
   28.048332 -114.159721
   28.012501 -114.154724
   27.965557 -114.161110
   28.016945 -114.143608
   28.059721 -114.134995
   28.113335 -114.118332
   28.178333 -114.111946
   28.225555 -114.134995
   28.249445 -114.181664
   28.294443 -114.156670
   28.333612 -114.133331
   28.380001 -114.107498
   28.429167 -114.084450
   28.481390 -114.064728
   28.535555 -114.069717
   28.576113 -114.100830
   28.604723 -114.146385
   28.663334 -114.155838
   28.684721 -114.210556
   28.683611 -114.264168
   28.724167 -114.273056
   28.751389 -114.320274
   28.796667 -114.345833
   28.823057 -114.384720
   28.875278 -114.401665
   28.898890 -114.434448
   28.930832 -114.476112
   28.928055 -114.529449
   28.969723 -114.556114
   28.999445 -114.592499
   29.041388 -114.607498
   29.088612 -114.630836
   29.121666 -114.671387
   29.142778 -114.716667
   29.191111 -114.738609
   29.226946 -114.776390
   29.253334 -114.824997
   29.283888 -114.869446
   29.323612 -114.901665
   29.362501 -114.934998
   29.392500 -114.980278
   29.404167 -115.043335
   29.419167 -115.105553
   29.424999 -115.176109
   29.428610 -115.189171
 104
   29.427221 -115.186943
   29.467501 -115.210831
   29.500555 -115.251389
   29.526667 -115.300003
   29.545000 -115.358330
   29.571945 -115.406387
   29.604445 -115.447777
   29.628611 -115.494164
   29.648056 -115.543053
   29.692778 -115.569443
   29.712502 -115.626114
   29.745834 -115.664726
   29.784721 -115.698334
   29.848057 -115.692497
   29.898333 -115.712494
   29.942499 -115.739716
   29.953890 -115.803337
   30.008333 -115.800278
   30.061943 -115.782501
   30.122778 -115.789444
   30.175278 -115.796944
   30.237501 -115.796112
   30.292221 -115.810562
   30.341112 -115.832222
   30.381666 -115.863609
   30.398611 -115.923889
   30.408611 -115.958328
   30.451668 -115.930550
   30.488611 -115.966667
   30.470278 -115.972778
   30.445833 -115.981110
   30.419722 -116.004723
   30.373333 -115.991661
   30.413889 -116.023056
   30.464724 -116.042496
   30.526667 -116.035278
   30.590557 -116.030838
   30.654444 -116.033890
   30.718611 -116.037224
   30.776112 -116.048607
   30.816111 -116.080833
   30.847223 -116.123611
   30.872778 -116.174721
   30.907499 -116.213608
   30.946110 -116.247498
   30.961945 -116.301117
   31.000278 -116.325829
   31.056665 -116.311111
   31.102777 -116.302223
   31.161388 -116.311951
   31.209167 -116.334999
   31.249166 -116.367500
   31.287222 -116.402504
   31.326946 -116.434998
   31.368334 -116.466110
   31.416111 -116.488884
   31.451389 -116.527229
   31.467779 -116.588333
   31.511667 -116.616112
   31.540277 -116.662498
   31.581667 -116.663338
   31.615557 -116.649162
   31.668888 -116.639442
   31.712778 -116.667221
   31.738611 -116.717224
   31.738056 -116.681938
   31.738611 -116.626114
   31.788055 -116.603607
   31.844444 -116.606384
   31.866667 -116.660561
   31.896667 -116.705276
   31.923611 -116.751945
   31.971390 -116.770561
   31.973890 -116.811111
   32.005001 -116.855278
   32.057499 -116.873055
   32.121944 -116.875832
   32.177780 -116.889999
   32.228058 -116.910004
   32.255833 -116.957771
   32.279446 -117.010277
   32.322498 -117.040001
   32.366108 -117.068054
   32.415279 -117.090004
   32.455555 -117.122223
   32.511112 -117.118057
   32.560555 -117.131111
   32.606941 -117.156113
   32.654724 -117.179443
   32.694168 -117.213333
   32.672222 -117.171944
   32.621109 -117.152779
   32.636948 -117.115555
   32.681946 -117.141945
   32.715557 -117.182495
   32.716667 -117.228333
   32.662781 -117.242218
   32.696114 -117.268059
   32.755554 -117.257774
   32.809166 -117.273895
   32.851665 -117.258614
   32.905834 -117.254723
   32.962780 -117.266670
   33.003334 -117.281670
  10
   25.441666 -109.009445
   25.441387 -108.949165
   25.439722 -108.877777
   25.418333 -108.823051
   25.380556 -108.788612
   25.385277 -108.833054
   25.408611 -108.885551
   25.426388 -108.941109
   25.429722 -109.005836
   25.441666 -109.009445
  12
   24.368889 -109.915558
   24.333612 -109.886940
   24.292221 -109.858055
   24.245277 -109.835838
   24.203890 -109.806946
   24.157778 -109.783607
   24.145000 -109.812500
   24.171110 -109.859718
   24.217222 -109.883057
   24.267778 -109.900558
   24.318890 -109.917496
   24.368889 -109.915558
  11
   24.581112 -110.393608
   24.564165 -110.362778
   24.522223 -110.333893
   24.484446 -110.300003
   24.444443 -110.311111
   24.400555 -110.334999
   24.438610 -110.368057
   24.476946 -110.378334
   24.520000 -110.381668
   24.563055 -110.403893
   24.581112 -110.393608
  13
   25.091667 -110.700554
   25.060278 -110.666939
   25.040833 -110.610275
   25.008612 -110.570000
   24.954168 -110.556671
   24.906389 -110.534721
   24.888056 -110.568611
   24.923611 -110.604996
   24.949165 -110.647217
   25.000278 -110.664444
   25.033888 -110.703331
   25.093889 -110.704994
   25.091667 -110.700554
  16
   26.064722 -111.142494
   26.074722 -111.092781
   26.027500 -111.093338
   25.984722 -111.075279
   25.978334 -111.102501
   25.998056 -111.142494
   25.946388 -111.153336
   25.898333 -111.178329
   25.845001 -111.197502
   25.810278 -111.220833
   25.857500 -111.217499
   25.921110 -111.209717
   25.970835 -111.186943
   26.027222 -111.192780
   26.061943 -111.156387
   26.064722 -111.142494
  27
   29.198332 -112.437500
   29.198055 -112.383606
   29.233612 -112.345833
   29.246111 -112.283890
   29.222223 -112.266388
   29.167778 -112.255836
   29.119722 -112.249161
   29.078056 -112.219170
   29.026112 -112.202499
   28.963890 -112.204994
   28.914165 -112.228058
   28.867222 -112.247498
   28.811666 -112.264442
   28.773333 -112.261948
   28.760555 -112.315559
   28.776667 -112.363884
   28.803888 -112.408615
   28.823891 -112.465271
   28.846945 -112.514999
   28.875555 -112.561111
   28.908054 -112.536110
   28.941944 -112.496109
   28.988611 -112.498329
   29.053055 -112.498329
   29.113335 -112.486664
   29.167221 -112.468056
   29.198332 -112.437500
   5
   28.727222 -112.603607
   28.734446 -112.557228
   28.690832 -112.543053
   28.670277 -112.596390
   28.727222 -112.603607
   8
   28.683887 -112.885834
   28.666945 -112.833611
   28.637222 -112.789169
   28.601667 -112.753334
   28.611944 -112.789444
   28.640833 -112.834724
   28.674444 -112.874443
   28.683887 -112.885834
  33
   29.583612 -113.588615
   29.556110 -113.563889
   29.559444 -113.518890
   29.535833 -113.469719
   29.497223 -113.436111
   29.465279 -113.394440
   29.418055 -113.371391
   29.366388 -113.378334
   29.315556 -113.371117
   29.297222 -113.313889
   29.298889 -113.246666
   29.294167 -113.184166
   29.235001 -113.195282
   29.184721 -113.185837
   29.126112 -113.183891
   29.078611 -113.161110
   29.046110 -113.125832
   29.026667 -113.161110
   29.051111 -113.212494
   29.082500 -113.254723
   29.121944 -113.287498
   29.156111 -113.326668
   29.186388 -113.370560
   29.219723 -113.410561
   29.261110 -113.440834
   29.296389 -113.479446
   29.328611 -113.521118
   29.375278 -113.544998
   29.414444 -113.577774
   29.457500 -113.598610
   29.505833 -113.573891
   29.563055 -113.584724
   29.583612 -113.588615
   9
   31.685276 -114.651115
   31.701944 -114.694443
   31.697777 -114.740829
   31.731112 -114.781395
   31.787777 -114.793053
   31.786667 -114.744995
   31.751944 -114.706383
   31.719444 -114.664444
   31.685276 -114.651115
  17
   28.917221 -118.304451
   28.870834 -118.306389
   28.891945 -118.260834
   28.941666 -118.239441
   28.998333 -118.242218
   29.051666 -118.245277
   29.099445 -118.268333
   29.128334 -118.313614
   29.179443 -118.303055
   29.188610 -118.349167
   29.173056 -118.389168
   29.129444 -118.394165
   29.076668 -118.388885
   29.045277 -118.346672
   28.993889 -118.329163
   28.946667 -118.309723
   28.917221 -118.304451
  19
   28.068335 -115.259720
   28.036943 -115.225555
   28.024721 -115.179443
   28.077223 -115.160835
   28.136667 -115.153610
   28.189722 -115.148888
   28.236111 -115.173332
   28.297777 -115.176109
   28.340279 -115.204994
   28.368610 -115.246384
   28.328335 -115.278618
   28.274445 -115.266113
   28.223612 -115.251945
   28.181944 -115.282784
   28.144444 -115.318054
   28.105278 -115.351662
   28.098333 -115.315559
   28.075556 -115.268059
   28.068335 -115.259720
  36
   25.281111 -112.133606
   25.230001 -112.127228
   25.173056 -112.142220
   25.118055 -112.159721
   25.061666 -112.175278
   25.007500 -112.163055
   24.959723 -112.185837
   24.899445 -112.193611
   24.845001 -112.202499
   24.803055 -112.173607
   24.756945 -112.153336
   24.708612 -112.132225
   24.658333 -112.145279
   24.621111 -112.110275
   24.590279 -112.068054
   24.544722 -112.043892
   24.526112 -112.074440
   24.567780 -112.103333
   24.616112 -112.124168
   24.648890 -112.164169
   24.685276 -112.165833
   24.739166 -112.156387
   24.784166 -112.180550
   24.806944 -112.232498
   24.797499 -112.270004
   24.817223 -112.297775
   24.859167 -112.267502
   24.904999 -112.241104
   24.959167 -112.223053
   25.011110 -112.202217
   25.067501 -112.186386
   25.125278 -112.172218
   25.176666 -112.151390
   25.238333 -112.146667
   25.281944 -112.135834
   25.281111 -112.133606
  17
   24.530001 -112.011391
   24.533611 -111.949165
   24.536388 -111.885834
   24.536667 -111.834167
   24.501667 -111.830833
   24.472778 -111.786385
   24.439999 -111.745827
   24.402222 -111.713882
   24.353889 -111.699165
   24.346390 -111.726112
   24.379168 -111.765831
   24.403889 -111.815834
   24.438610 -111.853050
   24.460835 -111.904167
   24.492779 -111.944725
   24.514999 -111.997772
   24.530001 -112.011391
8888
  97
   40.134445 -105.842224
   40.125553 -105.893333
   40.098888 -105.945557
   40.092499 -106.017227
   40.072498 -106.076942
   40.053612 -106.135277
   40.060555 -106.218056
   40.054722 -106.289444
   40.048611 -106.359718
   40.033333 -106.423607
   39.993610 -106.465271
   39.960556 -106.511391
   39.927223 -106.559448
   39.878887 -106.593056
   39.848053 -106.642220
   39.886669 -106.681938
   39.909725 -106.730835
   39.896667 -106.797501
   39.875275 -106.854164
   39.843330 -106.901665
   39.801388 -106.941666
   39.764168 -106.984993
   39.713890 -107.015831
   39.671112 -107.050278
   39.625553 -107.079163
   39.602497 -107.135277
   39.577778 -107.189720
   39.563332 -107.252502
   39.548889 -107.316940
   39.558334 -107.398331
   39.565556 -107.476944
   39.550831 -107.539719
   39.539444 -107.606110
   39.532223 -107.676941
   39.524445 -107.746109
   39.513889 -107.814171
   39.495834 -107.873894
   39.481388 -107.938332
   39.457779 -107.993889
   39.422501 -108.038612
   39.387222 -108.083054
   39.356667 -108.131393
   39.326664 -108.180832
   39.284164 -108.218887
   39.233891 -108.245277
   39.191391 -108.256943
   39.144726 -108.290276
   39.101387 -108.326668
   39.079445 -108.384163
   39.053333 -108.436943
   39.047779 -108.508614
   39.064445 -108.585281
   39.094723 -108.637779
   39.123608 -108.693611
   39.154167 -108.747215
   39.167778 -108.823608
   39.191391 -108.888611
   39.166111 -108.932220
   39.131943 -108.978615
   39.114445 -109.038612
   39.075554 -109.078888
   39.027222 -109.111107
   38.983891 -109.149445
   38.980000 -109.205276
   38.930836 -109.214996
   38.876110 -109.238609
   38.824444 -109.260002
   38.799168 -109.310280
   38.748890 -109.321945
   38.718613 -109.370003
   38.690002 -109.420830
   38.668892 -109.478333
   38.630554 -109.496384
   38.604164 -109.548607
   38.549168 -109.570831
   38.574165 -109.600555
   38.545277 -109.628891
   38.485558 -109.635277
   38.440277 -109.669998
   38.425556 -109.716942
   38.365833 -109.719444
   38.343056 -109.740555
   38.295834 -109.764442
   38.248055 -109.795830
   38.202499 -109.829445
   38.174446 -109.879723
   38.136391 -109.921387
   38.105553 -109.968613
   38.077499 -110.018890
   38.025833 -110.047218
   38.002224 -110.101662
   37.966946 -110.144165
   37.925835 -110.180000
   37.897781 -110.227226
   37.889168 -110.285835
   37.892223 -110.357773
   37.892780 -110.361946
  66
   36.929722 -111.473610
   36.895836 -111.510277
   36.866943 -111.559166
   36.857498 -111.579163
   36.828888 -111.622780
   36.779167 -111.650833
   36.735558 -111.686386
   36.693611 -111.721664
   36.650833 -111.758057
   36.596386 -111.766670
   36.561943 -111.811111
   36.515278 -111.840836
   36.461666 -111.827774
   36.425835 -111.864441
   36.386948 -111.848061
   36.361111 -111.864441
   36.309444 -111.850273
   36.272778 -111.810837
   36.222500 -111.797218
   36.169724 -111.803055
   36.110275 -111.819443
   36.083332 -111.868332
   36.056667 -111.918610
   36.067223 -111.988327
   36.094444 -112.043892
   36.097778 -112.110558
   36.106941 -112.170273
   36.124722 -112.226669
   36.155834 -112.274727
   36.197502 -112.305557
   36.240002 -112.334724
   36.252777 -112.397217
   36.207222 -112.429161
   36.241943 -112.464722
   36.270832 -112.517784
   36.313889 -112.489998
   36.352497 -112.451385
   36.385002 -112.498886
   36.404167 -112.557777
   36.397781 -112.628059
   36.353886 -112.662224
   36.351387 -112.717781
   36.323608 -112.739716
   36.294167 -112.787781
   36.287498 -112.857773
   36.262779 -112.910004
   36.235558 -112.959442
   36.228611 -113.026947
   36.202778 -113.078331
   36.173336 -113.125282
   36.151390 -113.180275
   36.104443 -113.211945
   36.098331 -113.273895
   36.078609 -113.323334
   36.028889 -113.342224
   35.980835 -113.327499
   35.933334 -113.317497
   35.884167 -113.300278
   35.824722 -113.316391
   35.775555 -113.345284
   35.761112 -113.407501
   35.774723 -113.483330
   35.803055 -113.535553
   35.838055 -113.577499
   35.827778 -113.621948
   35.827778 -113.628059
   9
   36.007778 -114.737495
   35.960556 -114.729446
   35.918335 -114.699997
   35.881943 -114.660278
   35.835278 -114.688889
   35.775002 -114.687782
   35.715836 -114.685555
   35.666389 -114.669167
   35.623055 -114.643608
  13
   35.341110 -114.583893
   35.287220 -114.585556
   35.234444 -114.570557
   35.173336 -114.574722
   35.142502 -114.615273
   35.103611 -114.623055
   35.061943 -114.624725
   35.009167 -114.625000
   34.952225 -114.617500
   34.896667 -114.622505
   34.856110 -114.590836
   34.816666 -114.556389
   34.810555 -114.558060
   6
   34.748333 -114.495552
   34.710556 -114.466110
   34.664722 -114.443054
   34.620277 -114.416115
   34.571388 -114.398331
   34.540001 -114.375832
  44
   34.312500 -114.126671
   34.273609 -114.128616
   34.241390 -114.173607
   34.205280 -114.213051
   34.178890 -114.261948
   34.149723 -114.310280
   34.124165 -114.360001
   34.094723 -114.405838
   34.030834 -114.419716
   33.996387 -114.461945
   33.966389 -114.508614
   33.920555 -114.511391
   33.878609 -114.496109
   33.830555 -114.516113
   33.783054 -114.494164
   33.731667 -114.487778
   33.692501 -114.516388
   33.637222 -114.518616
   33.585831 -114.535553
   33.544167 -114.546112
   33.505833 -114.584450
   33.458336 -114.613335
   33.416389 -114.648605
   33.414169 -114.716942
   33.376663 -114.703606
   33.328056 -114.720001
   33.283611 -114.708328
   33.246387 -114.683609
   33.197224 -114.670830
   33.140556 -114.683334
   33.086945 -114.696114
   33.045555 -114.664444
   33.031387 -114.614166
   33.034721 -114.545280
   33.003613 -114.499161
   32.964722 -114.465553
   32.910557 -114.466942
   32.854443 -114.460274
   32.822777 -114.503334
   32.778057 -114.525833
   32.727222 -114.541664
   32.731113 -114.612495
   32.743057 -114.682495
   32.718056 -114.719444
  45
   41.703056 -120.428329
   41.656670 -120.408058
   41.601665 -120.417221
   41.556389 -120.448891
   41.506111 -120.474998
   41.476112 -120.525833
   41.500832 -120.570274
   41.483055 -120.635834
   41.453056 -120.688332
   41.426945 -120.743332
   41.444725 -120.813889
   41.426392 -120.875832
   41.400833 -120.931389
   41.425278 -120.988052
   41.376942 -121.017227
   41.365276 -121.080551
   41.327778 -121.121948
   41.269444 -121.111389
   41.215000 -121.127228
   41.163891 -121.130005
   41.106941 -121.121391
   41.055000 -121.111389
   41.014446 -121.148331
   40.962780 -121.167496
   40.952778 -121.218330
   40.994446 -121.252777
   41.040276 -121.281395
   41.056110 -121.353607
   41.024723 -121.402779
   40.982777 -121.434998
   40.994167 -121.503891
   40.998611 -121.567780
   41.029167 -121.618332
   41.014721 -121.683891
   41.000832 -121.754997
   40.968056 -121.801117
   40.997780 -121.853607
   41.031113 -121.900833
   41.003613 -121.953049
   40.958057 -121.983330
   40.905281 -121.964722
   40.864166 -121.951660
   40.833889 -122.002220
   40.816109 -122.059448
   40.775555 -122.093056
  67
   40.721111 -122.410278
   40.690002 -122.449448
   40.638615 -122.434166
   40.596386 -122.402779
   40.563610 -122.362221
   40.514999 -122.346115
   40.480000 -122.303894
   40.464722 -122.230003
   40.432503 -122.182220
   40.373055 -122.173889
   40.330555 -122.187225
   40.321110 -122.134163
   40.284443 -122.169998
   40.246387 -122.195831
   40.241390 -122.160004
   40.202225 -122.198608
   40.161945 -122.173050
   40.135559 -122.116386
   40.081387 -122.101387
   40.023609 -122.094727
   39.973888 -122.070557
   39.923889 -122.076385
   39.879719 -122.054726
   39.860832 -122.035553
   39.807220 -122.038887
   39.766945 -122.000832
   39.743057 -121.941666
   39.689445 -121.945000
   39.653614 -121.959999
   39.603611 -121.972778
   39.546387 -121.974167
   39.494999 -121.981941
   39.437500 -121.992218
   39.378330 -121.991104
   39.326111 -122.003891
   39.277500 -121.988327
   39.224167 -121.976944
   39.202499 -121.925278
   39.151112 -121.908890
   39.120552 -121.887779
   39.077499 -121.855835
   39.040554 -121.815002
   38.994999 -121.789444
   38.953613 -121.823891
   38.914722 -121.785835
   38.871109 -121.786667
   38.861942 -121.728615
   38.812500 -121.707771
   38.772221 -121.670555
   38.780556 -121.606384
   38.745834 -121.581665
   38.699169 -121.610275
   38.657501 -121.584724
   38.621666 -121.543053
   38.594444 -121.490555
   38.539444 -121.501945
   38.498890 -121.533058
   38.464447 -121.490555
   38.424725 -121.509163
   38.366943 -121.510277
   38.332222 -121.554169
   38.287220 -121.526390
   38.247780 -121.500000
   38.212780 -121.536942
   38.173611 -121.574722
   38.179722 -121.652779
   38.154446 -121.671387
7777
